15 0.820755 0.270440 0.119497 0.100629
15 0.871069 0.465409 0.119497 0.113208
15 0.402516 0.261006 0.125786 0.106918
15 0.141509 0.430818 0.119497 0.132075
15 0.273585 0.204403 0.106918 0.119497
15 0.509434 0.254717 0.100629 0.157233
15 0.635220 0.220126 0.088050 0.113208
15 0.610063 0.386792 0.100629 0.106918
15 0.396226 0.512579 0.125786 0.106918
15 0.663522 0.512579 0.157233 0.069182
15 0.852201 0.663522 0.169811 0.119497
15 0.654088 0.764151 0.088050 0.144654
15 0.361635 0.707547 0.132075 0.106918
