15 0.211111 0.226667 0.093333 0.062222
15 0.357778 0.193333 0.102222 0.075556
15 0.533333 0.228889 0.106667 0.084444
15 0.713333 0.184444 0.102222 0.084444
15 0.777778 0.340000 0.071111 0.093333
15 0.771111 0.453333 0.075556 0.080000
15 0.924444 0.460000 0.106667 0.075556
15 0.964444 0.562222 0.071111 0.084444
15 0.926667 0.664444 0.093333 0.102222
15 0.722222 0.735556 0.102222 0.084444
15 0.773333 0.573333 0.088889 0.080000
15 0.664444 0.515556 0.066667 0.080000
15 0.615556 0.428889 0.075556 0.075556
15 0.502222 0.564444 0.097778 0.080000
15 0.457778 0.426667 0.088889 0.097778
15 0.515556 0.331111 0.071111 0.075556
15 0.424444 0.317778 0.084444 0.075556
15 0.302222 0.293333 0.080000 0.080000
15 0.175556 0.328889 0.075556 0.071111
15 0.295556 0.475556 0.093333 0.080000
15 0.282222 0.651111 0.102222 0.084444
15 0.475556 0.757778 0.115556 0.066667
